<p>Schrijf een programma dat een tafel van vermenigvuldiging afdrukt voor de cijfers 1 tot en met een zeker getal num (je mag voor de output aannemen dat num &eacute;&eacute;n cijfer is). Een tafel van vermenigvuldiging voor 1 tot en met 3 ziet er als volgt uit:</p>
<p><span style="font-family: &quot;Lucida Console&quot;, Monaco, monospace;">. | 1 2 3
    <br>---------
    <br>1 | 1 2 3
    <br>2 | 2 4 6
    <br>3 | 3 6 9
  </span></p>
<p>Dus de cellen van de matrix bevatten het label van de kolom vermenigvuldigd met het label van de rij.</p>
<p>Ander voorbeeld:</p>
<p><span style="font-family: 
        'Lucida Console', Monaco, monospace;">. |  1  2  3  4  5  6  7  8  9
    <br>------------------------------
    <br>1 |  1  2  3  4  5  6  7  8  9
    <br>2 |  2  4  6  8 10 12 14 16 18
    <br>3 |  3  6  9 12 15 18 21 24 27
    <br>4 |  4  8 12 16 20 24 28 32 36
    <br>5 |  5 10 15 20 25 30 35 40 45
    <br>6 |  6 12 18 24 30 36 42 48 54
    <br>7 |  7 14 21 28 35 42 49 56 63
    <br>8 |  8 16 24 32 40 48 56 64 72
    <br>9 |  9 18 27 36 45 54 63 72 81
  </span></p>